VARIABLES = "X" "Pressure" "Temperature" "Density" "Velocity" "H2" "O2" "H2O" "H" "O" "OH" "HO2" "H2O2" "N2" 
0.0 4325561.764221827 2039.6360423639742 5.333884485416223 490.4322680356864 0.028522387527567396 0.22635400697100733 0.0 0.0 0.0 0.0 0.0 0.0 0.7451236055014252
1.0905293988136819e-07 4325562.434654694 2039.6352928368945 5.333887272805836 490.4320117449663 0.028522375431500345 0.22635381194296164 3.7340999135219857e-10 5.910396695671956e-09 1.8371635866052427e-09 2.164452263680148e-09 1.966938053128909e-07 1.4488489704497502e-10 0.7451236055014252
2.1810582259339462e-07 4325563.10725192 2039.6345414546865 5.333890069196915 490.43175462686213 0.02852236319555866 0.22635361231332152 1.433821013358324e-09 1.1745723539717715e-08 5.327719376064942e-09 6.364837776475712e-09 3.9369029287093e-07 4.272999546207147e-10 0.7451236055014252
4.362114734323501e-07 4325564.455878912 2039.633035956777 5.333895676256107 490.4312390787441 0.028522338333679165 0.22635320389684319 5.5404085128162155e-09 2.332278391204257e-08 1.526408617652006e-08 1.860654890072774e-08 7.882814248155576e-07 1.252800041689252e-09 0.7451236055014252
6.543168946203785e-07 4325565.80960885 2039.6315269086037 5.333901304543184 490.43072157989155 0.02852231247127216 0.22635277725740963 1.4825471094917587e-08 3.482577085220783e-08 3.039305484796267e-08 3.8099511494869685e-08 1.1840551334988374e-06 2.5709511300613925e-09 0.7451236055014252
8.72422085509012e-07 4325567.165231216 2039.6300178291767 5.3339069407101425 490.4302033576092 0.028522285205730826 0.22635233239329058 3.1546414442241424e-08 4.645586139283677e-08 4.952665713269244e-08 6.403657810481736e-08 1.5810060278129339e-06 4.328014413754948e-09 0.7451236055014252
1.3949220841638183e-06 4325570.404403497 2039.626420647074 5.333920408015977 490.42896509887373 0.02852221210447335 0.2263511890138133 1.144228014923576e-07 7.57608075985873e-08 1.0791208681575636e-07 1.481342864365655e-07 2.5371256527156455e-06 1.0024653020822292e-08 0.7451236055014252
1.9174207703090694e-06 4325573.613089828 2039.6228704018888 5.3339337486391525 490.427738494209 0.028522125417722994 0.22634992857406747 2.7358998293000723e-07 1.0816720930898194e-07 1.807681977262045e-07 2.59137468115353e-07 3.5013735884163264e-06 1.7470337760518777e-08 0.7451236055014252
2.4399181598821633e-06 4325576.769855907 2039.6193926139906 5.333946873460685 490.4265317374311 0.028522021780774804 0.2263485373022301 5.293636222492549e-07 1.4492216222969356e-07 2.6554826307419674e-07 3.94025562240918e-07 4.475297106521499e-06 2.625885352305788e-08 0.7451236055014252
3.2635973983464865e-06 4325581.606126928 2039.6141015210924 5.333966981251182 490.4246829457178 0.02852181733670573 0.22634603702204842 1.169038520584271e-06 2.137111734752212e-07 4.2478980633264494e-07 6.554312462528052e-07 6.034947256466313e-06 4.2221817489759907e-08 0.7451236055014252
4.0872736033943505e-06 4325586.211144547 2039.609123369051 5.333986127698878 490.42292255671117 0.028521550290690322 0.2263430749633214 2.1729039198896716e-06 2.992285539440357e-07 6.219941643561391e-07 9.810698665483147e-07 7.634092276052263e-06 5.99557822460516e-08 0.7451236055014252
4.910946941362775e-06 4325590.521931506 2039.604544935491 5.33400405093779 490.4212746451 0.028521206153398673 0.22633953917323404 3.627691812416479e-06 4.051807591266791e-07 8.68878833929072e-07 1.3829637532787849e-06 9.285348210264406e-06 7.910857304457194e-08 0.7451236055014252
5.734617625728239e-06 4325594.463562909 2039.600470618222 5.334020439420072 490.41976785290433 0.02852076686053202 0.2263352906651248 5.638955470474766e-06 5.362058653201605e-07 1.1775143576284432e-06 1.8804762619104452e-06 1.100430300456595e-05 9.951795805494536e-08 0.7451236055014252
6.118006376377736e-06 4325596.1467778 2039.5987817065754 5.334027437907453 490.4191243997918 0.028520523601129753 0.226333022952529 6.800940567942549e-06 6.074203297608651e-07 1.3448970959118591e-06 2.1525033307063807e-06 1.183276337544864e-05 1.0942021627163301e-07 0.7451236055014252
6.501394641322025e-06 4325597.718915633 2039.5972451959015 5.334033974574075 490.418523408809 0.02852025217437186 0.22633054450876486 8.126809575083351e-06 6.860613665675844e-07 1.5292049459139468e-06 2.4539870548329925e-06 1.2682167456773774e-05 1.195850389035957e-07 0.7451236055014252
6.88478245533465e-06 4325599.165530411 2039.5958805479236 5.334039989352502 490.41797040231467 0.02851994958889941 0.22632783328505304 9.634829815580563e-06 7.729269734765618e-07 1.7327103281735184e-06 2.786172742329638e-06 1.3554962723310298e-05 1.3002203945180706e-07 0.7451236055014252
7.441899704869198e-06 4325601.012838673 2039.5942467914806 5.3340476701655355 490.41726422026085 0.028519447143873354 0.22632342420259208 1.2193143380885235e-05 9.156973597474759e-07 2.0671400077944284e-06 3.3304897409311333e-06 1.4870972240983137e-05 1.4570937900247294e-07 0.7451236055014252
7.999016225910058e-06 4325602.518306255 2039.5930824597026 5.334053929675809 490.41668871578634 0.028518860813363352 0.22631838617197353 1.5241737774654447e-05 1.0805302975291118e-06 2.453373775603911e-06 3.958238261762739e-06 1.6251562262781308e-05 1.6207086555022186e-07 0.7451236055014252
8.556132179253429e-06 4325603.627289337 2039.5924633425525 5.334058540671795 490.41626477792255 0.02851817774836656 0.2263126216004934 1.885562953324805e-05 1.2707593823930527e-06 2.8993935761124645e-06 4.682707943546691e-06 1.7707467977683096e-05 1.7919130182534923e-07 0.7451236055014252
9.410588270138322e-06 4325604.422495188 2039.5927600076725 5.334061847033168 490.4159607894348 0.02851691084783119 0.22630213246362052 2.567997599302325e-05 1.6200334745197056e-06 3.7187588824325823e-06 6.012671939929034e-06 2.011259816981236e-05 2.0714866332020915e-07 0.7451236055014252
1.0265044287061032e-05 4325603.851259282 2039.5949380964485 5.334059471911756 490.4161791592253 0.028515316181954027 0.22628917862139283 3.442061582890526e-05 2.055201003492182e-06 4.739840605243561e-06 7.669072275738428e-06 2.2777335802179346e-05 2.3762971232982661e-07 0.7451236055014252
1.1119501234985495e-05 4325601.5715383515 2039.5994695499553 5.334049993159112 490.4170506421812 0.028513315123651833 0.2262731669523539 4.5537723204508596e-05 2.5967526035306924e-06 6.010640029065729e-06 9.73030787699097e-06 2.5765746719508853e-05 2.712521354155649e-07 0.7451236055014252
1.197396038886478e-05 4325597.151182349 2039.60695016098 5.334031614048478 490.4187404389208 0.02851080892547879 0.22625335205761 5.960958056081908e-05 3.2703813122348353e-06 7.591934283326233e-06 1.2295208465546112e-05 2.9157605619841947e-05 3.088052441999852e-07 0.7451236055014252
1.2978838172449192e-05 4325588.476525151 2039.620535328165 5.333995546617025 490.42205655423237 0.028507048547706176 0.22622392708741934 8.09162219002558e-05 4.274975994127337e-06 9.95114387926044e-06 1.6121548657482033e-05 3.37956309343842e-05 3.5934208371472447e-07 0.7451236055014252
1.3983724569668938e-05 4325574.947053735 2039.6408018889463 5.333939294848401 490.42722854936176 0.02850216428104119 0.22618604237155884 0.00010880297574037685 5.572976180039737e-06 1.2999280371176217e-05 2.106666346509849e-05 3.932718491383949e-05 4.1876530418389074e-07 0.7451236055014252
1.4988623944568763e-05 4325555.078291034 2039.6697846053883 5.333856688230699 490.4348239042705 0.02849582815054323 0.22613723138729752 0.0001451936794098019 7.249589733807852e-06 1.693605403264825e-05 2.746159347205058e-05 4.600427296103537e-05 4.897711246576268e-07 0.7451236055014252
1.5993541987163e-05 4325526.928895947 2039.7101378251004 5.333739658340993 490.4455847469486 0.02848761880355347 0.22607432410711253 0.00019256420613268202 9.413948634531733e-06 2.2021719569610495e-05 3.573332075674402e-05 5.414254513083689e-05 5.758476843321688e-07 0.7451236055014252
1.699848614911545e-05 4325487.907891003 2039.7653848691734 5.333577438713946 490.4605015454312 0.028476990091306678 0.22599323586690795 0.0002541333446970251 1.2207806466554316e-05 2.859024177571389e-05 4.6420153222134714e-05 6.413544510807867e-05 6.815490906076805e-07 0.7451236055014252
1.7641902637876647e-05 4325455.679632036 2039.810659206247 5.333443465534931 490.4728216446312 0.028468597736019702 0.22592941237043185 0.0003028760844556742 1.4409410716226707e-05 3.376256131884055e-05 5.484781653585529e-05 7.17263248505575e-05 7.621942460411917e-07 0.7451236055014252
1.8285336987360585e-05 4325416.510378632 2039.8654062191076 5.333280647659169 490.4877951193488 0.02845870406178197 0.22585432495875138 0.00036043937743768164 1.7000549395069202e-05 3.984978113439195e-05 6.479714489422201e-05 8.042342518707496e-05 8.55199992966628e-07 0.7451236055014252
1.8928793008762886e-05 4325369.031594909 2039.931464931864 5.333083302250465 490.5059451291848 0.02844704324429062 0.2257659956712805 0.00042840356431449547 2.0049716041816894e-05 4.7019948125559676e-05 7.652493514659338e-05 9.039460240845686e-05 9.628169667144075e-07 0.7451236055014252
1.957227525193253e-05 4325311.572981209 2040.011066741918 5.332844495232764 490.5279101915499 0.02843330015217082 0.2256621110249716 0.0005086404072033271 2.363875795581132e-05 5.545590551491079e-05 9.033448708967402e-05 0.00010182604001413323 1.0877236544531017e-06 0.7451236055014252
2.0215789208567203e-05 4325242.197522535 2040.1068091496757 5.332556188445627 490.55443077957375 0.02841711001509843 0.22553994739172942 0.0006033051294772342 2.7860445396865393e-05 6.537803142018339e-05 0.00010663618101336565 0.00011492424020597328 1.233064233266944e-06 0.7451236055014252
2.0450562170745575e-05 4325213.467770573 2040.146360528742 5.3324368040056065 490.56541348188625 0.02841051251122671 0.2254902194275866 0.0006419210742826558 2.95788528171386e-05 6.94208839057929e-05 0.000113288620819811 0.0001201612515213741 1.291876414639221e-06 0.7451236055014252
2.0685340571886447e-05 4325182.6918587955 2040.1886690114109 5.332308922825083 490.5771783824402 0.028403508690007233 0.22543746935349498 0.0006829407991957599 3.140224622837936e-05 7.371053439378256e-05 0.00012034778600966551 0.000125660995421334 1.3540938235875779e-06 0.7451236055014252
2.092012480079634e-05 4325149.736038099 2040.2339136105352 5.332171990409632 490.58977661035215 0.028396074367548707 0.22538151493794317 0.0007265063174361699 3.333664270999571e-05 7.826131418527273e-05 0.00012784580951890885 0.00013143518383078312 1.4199254017043582e-06 0.7451236055014252
2.1154915270570198e-05 4325114.446239747 2040.2822978721172 5.332025368046274 490.6032670623888 0.028388183378414793 0.22532216369572097 0.0007727744092087287 3.53886885441385e-05 8.308939101276653e-05 0.00013580967476292883 0.00013749566755257147 1.4895933578340929e-06 0.7451236055014252
2.1517899225222256e-05 4325054.9031349635 2040.363794535008 5.331777996165542 490.6260289727598 0.028375020142584896 0.22522324691337842 0.0008500137832500489 3.880926595060203e-05 9.113811087034258e-05 0.00014910477987437726 0.00014745610467371159 1.6053979923395415e-06 0.7451236055014252
2.1880900944908925e-05 4324988.706937061 2040.4542096460355 5.3315030109518355 490.6513342015386 0.028360587958901732 0.22511491396468059 0.0009347772023371432 4.255614116041968e-05 9.995601682104346e-05 0.0001636971293755347 0.00015817422101592853 1.7318642823281932e-06 0.7451236055014252
2.2243922416583064e-05 4324915.103913139 2040.5545321583206 5.331197290400755 490.6794708823083 0.02834476598545855 0.2249962826115475 0.001027791199191829 4.665987674027436e-05 0.00010961585670682155 0.0001797139748239267 0.00016969499669391413 1.869997411898197e-06 0.7451236055014252
2.260696585254625e-05 4324833.247559734 2040.6658693538316 5.33085732967122 490.71076261280734 0.028327422035355914 0.22486639122861932 0.0011298523964078035 5.115384511788697e-05 0.00012019677729288819 0.0001972944074639865 0.00018206292678202366 2.020881534902946e-06 0.7451236055014252
2.3308314799689887e-05 4324648.136036919 2040.9168459432078 5.330088696068933 490.78152630974665 0.02828906299205088 0.22457963732627148 0.001355923255946109 6.107717779970692e-05 0.00014357039353000595 0.00023625986705340705 0.0002085106696667189 2.352816256429056e-06 0.7451236055014252
2.4009776079819885e-05 4324420.441672369 2041.2242477969965 5.329143550808614 490.86856840741603 0.02824328850198443 0.2242383100204033 0.0016262718443181905 7.289207772000501e-05 0.00017141760392338614 0.000282905179912981 0.0002385633353530433 2.7459349594080786e-06 0.7451236055014252
2.4711375698953208e-05 4324139.934534607 2041.6012911549462 5.327979644319015 490.9757995063409 0.028188690790538803 0.22383229754138398 0.0019494822862460995 8.694857515793383e-05 0.00020457685921375268 0.0003387436767729289 0.00027244430350242534 3.210465758810371e-06 0.7451236055014252
2.5413145846675383e-05 4323793.820858686 2042.0644196938038 5.326544217953942 491.10811035900383 0.02812361111659894 0.22334976628219877 0.002335731364528875 0.00010365611362282743 0.00024403132867699293 0.0004055647683517498 0.000310276299255422 3.7572253411565195e-06 0.7451236055014252
2.6115126576223678e-05 4323366.077976132 2042.634132408742 5.3247713221933815 491.271626017076 0.028046095497897938 0.2227768629186305 0.002797084371898967 0.00012349268633316264 0.0002909349152284268 0.0004854931857398282 0.00035203372709846626 4.3971957474376864e-06 0.7451236055014252
2.6747761745242513e-05 4322894.386463689 2043.2596062004725 5.322817636454654 491.45194223963784 0.02796372548493067 0.22217003381233705 0.0032887603359485168 0.000144499592426951 0.000340685284547151 0.0005707959209125692 0.0003928320050533623 5.062062418476815e-06 0.7451236055014252
2.7380652983334944e-05 4322322.320287778 2044.0149959917728 5.320450135729977 491.67062915516453 0.027867469668650363 0.22146317689637612 0.0038650568183025906 0.00016895882734652362 0.0003987228797673939 0.0006708985116004775 0.0004362939096678717 5.816986863384641e-06 0.7451236055014252
2.8013854867124908e-05 4321628.125857956 2044.927864171752 5.317580034100608 491.9360026267064 0.027755109835561696 0.22064079753564048 0.004539957770497513 0.00019739566617915877 0.00046635107302610306 0.000788233829378957 0.0004818829718203026 6.665816470526976e-06 0.7451236055014252
2.8647433751059462e-05 4320785.6552548865 2046.0312899446058 5.314101052293307 492.2580583020978 0.027624126257001686 0.21968531403651392 0.0053294576896344825 0.00023039816748084653 0.0005450585974838411 0.0009255781062685957 0.0005288524903870643 7.609153804271985e-06 0.7451236055014252
2.92814700860234e-05 4319763.674816885 2047.36474975799 5.309886892398695 492.6487359585402 0.027471675669961275 0.21857688692229765 0.006251739130135006 0.00026861966237204165 0.0006365364356850835 0.0010860445248954817 0.000576248629368382 8.64352385980204e-06 0.7451236055014252
2.9791035126667163e-05 4318788.185372832 2048.633498067852 5.305870660976512 493.02164202050045 0.027331565867214545 0.2175610685112229 0.007102303058027533 0.0003035766228631236 0.000720516488474387 0.0012339718190783105 0.0006138572534561659 9.534878237774568e-06 0.7451236055014252
3.0301016914673926e-05 4317651.067634003 2050.108564338699 5.301196647617659 493.45633439171127 0.02717376072152757 0.2164196358237257 0.008063374071532873 0.00034276165349097224 0.0008150302901666261 0.001400989175069344 0.0006503688759516807 1.0473887109980045e-05 0.7451236055014252
3.081148416968134e-05 4316327.322935187 2051.8215849859084 5.295765885161308 493.9623696267982 0.02699631856707554 0.21513884530442448 0.009147620827015564 0.00038659575353975885 0.0009212576280960547 0.001589182404582092 0.0006851205727851858 1.1453441056057108e-05 0.7451236055014252
3.132251610251147e-05 4314788.834532447 2053.8081809348178 5.289468085848218 494.5504960360398 0.026797169187985054 0.21370392014237596 0.010368641630273616 0.00043551723568606063 0.0010404624775543912 0.001800749275248167 0.0007174682595288219 1.2466289922669818e-05 0.7451236055014252
3.183420368659424e-05 4313004.200742029 2056.108192187299 5.282181431541051 495.23271768040337 0.026574133520447442 0.21209910209623312 0.011740853667571523 0.0004899727664063074 0.0011739927535784006 0.0020380042179693122 0.0007468290973251882 1.3506379043442898e-05 0.7451236055014252
3.221740364466482e-05 4311487.7088163225 2058.0597433295143 5.276005377438867 495.8124335523099 0.02639034952605314 0.210777809746508 0.01287504398611904 0.0005345865296185837 0.0012840818687220555 0.0022336779644384877 0.0007665447807110466 1.430009640436038e-05 0.7451236055014252
3.2601077171771796e-05 4309798.058513161 2060.2316830196623 5.269141122587703 496.4583420264044 0.026190970231875915 0.20934496818763473 0.014108779316266007 0.000582727667174586 0.0014035984872226971 0.002446077364922912 0.0007841656059773161 1.5107637500573926e-05 0.7451236055014252
3.298527791182196e-05 4307918.058107737 2062.6458819837285 5.261524531409504 497.17701590232167 0.0259750233228799 0.20779320136933135 0.01544867391047941 0.0006345700582298513 0.001533171117119701 0.002676237450107433 0.0007995859925976955 1.5931277829387084e-05 0.7451236055014252
3.3370064840882345e-05 4305829.210129331 2065.3258681596767 5.253087608108159 497.97552616205627 0.025741543428923448 0.20611504084133436 0.016901377305359632 0.0006902749878158784 0.0016734374831815573 0.0029251932816658347 0.000812751634241855 1.677553605217841e-05 0.7451236055014252
3.3920490465889914e-05 4302445.780995974 2069.662487953649 5.239479339083658 499.2688960732765 0.025376019097069998 0.2034857560365019 0.01918357335572547 0.0007767633689206878 0.0018934430761273302 0.003315168479345246 0.0008276400824370508 1.80310024470683e-05 0.7451236055014252
3.447245324214172e-05 4298533.3640705915 2074.6719733684577 5.223831126813135 500.76447766390703 0.024970261135256223 0.20056254472653195 0.021727648029212298 0.0008717441052056297 0.002138317646924949 0.0037484513819616644 0.0008380557260486149 1.9371747433431592e-05 0.7451236055014252
3.502619072217684e-05 4294023.28868182 2080.441107945913 5.2059081263775 502.4885192208152 0.024521962127545878 0.1973254574343246 0.02455089847827749 0.0009754148698891329 0.0024097574248979916 0.004227804629620943 0.0008442643739866439 2.083516003208929e-05 0.7451236055014252
3.5581970641094136e-05 4288840.989951542 2087.063564953374 5.185465017495704 504.4695233304995 0.02402923485939559 0.19375676114481777 0.027668536225331056 0.0010877991694582835 0.0027092666877709883 0.004755742303237603 0.0008465902668351754 2.246384172831735e-05 0.7451236055014252
3.588370509203125e-05 4285728.153737714 2091.038368787411 5.17326213949335 505.6594843035019 0.02374354623226405 0.19168178817588719 0.02948304699888946 0.0011521994245183374 0.0028835202296627564 0.005062521484709067 0.0008463424938672552 2.3429458776687994e-05 0.7451236055014252
3.618617694770502e-05 4282381.87442142 2095.308526957159 5.160208065443871 506.93868007782027 0.02344432943322504 0.18950359931309285 0.03138886932981682 0.0012190360274794466 0.003066519743083451 0.0053844876312666295 0.0008450908753002376 2.4462145310341126e-05 0.7451236055014252
3.6489440975452974e-05 4278788.599974696 2099.8906649467635 5.146263602960098 508.31229556884415 0.02313152920347245 0.1872208685931085 0.03338710411826841 0.001288226346810277 0.003258364713165296 0.005721866735101844 0.0008428675557847726 2.5567232863271743e-05 0.7451236055014252
3.679355514279692e-05 4274934.639956761 2104.8014217735586 5.131391017393175 509.7855643345535 0.0228051761366324 0.18483276915950636 0.03547836576240554 0.001359658840140753 0.003459130122037884 0.006074846889284891 0.0008396987288075212 2.6748859759469028e-05 0.7451236055014252
3.7170320403145914e-05 4269795.947980783 2111.3427770017734 5.111693919299786 511.7499417847328 0.02238370808113969 0.1817384100492137 0.03818894618120766 0.0014507415913024956 0.0037193704774512964 0.006532393664669082 0.0008345072350498991 2.8317218540994285e-05 0.7451236055014252
3.754859669243519e-05 4264213.3490883345 2118.4405621291658 5.090465934690513 513.8840136020042 0.02194219333734401 0.1784838649739431 0.04104046842751344 0.0015447063501825545 0.0039932057026965725 0.007014030115882098 0.0008279177728003751 3.0007818212672507e-05 0.7451236055014252
3.792851270681564e-05 4258162.093670282 2126.1235099993805 5.067654105233621 516.1972406367391 0.02148130303223346 0.17507154561201763 0.044030461126492115 0.0016411612717014087 0.0042804614190083655 0.007519712576707873 0.0008199316999810735 3.181776043291108e-05 0.7451236055014252
3.831020392537776e-05 4251618.848940753 2134.417971730508 5.0432165281499595 518.6985430868763 0.021001967859088547 0.17150559388710424 0.04715485407753867 0.0017396445868559064 0.004580827396863988 0.008049225698785505 0.0008105415184893416 3.3739473848640044e-05 0.7451236055014252
3.882105483529016e-05 4242114.097474038 2146.440765805202 5.008135717173012 522.3319041960118 0.02033773114586486 0.16653352390246576 0.051509980979934235 0.0018728969011774284 0.004999978873352129 0.008789980930616611 0.0007958535816966766 3.64481834671274e-05 0.7451236055014252
3.9335648729394844e-05 4231659.2394646965 2159.628595600118 4.970107395808092 526.3284789035663 0.019646605292919343 0.16131974234033641 0.056073947699347315 0.0020073636154934733 0.005440020504446059 0.00957077215619303 0.0007786499676231325 3.929292221606898e-05 0.7451236055014252
3.985434810700044e-05 4220224.414521068 2174.006241979142 4.929170180315043 530.6996857340895 0.01893307382438928 0.15588987031994533 0.0608222077617605 0.0021414259861933793 0.005898990434549081 0.010389653624545156 0.0007589534581678967 4.221908902421193e-05 0.7451236055014252
4.0377523944450885e-05 4207794.688075204 2189.5775550486933 4.8854290830202505 535.4512410618887 0.018202445961701296 0.15027562163125713 0.0657244425142246 0.0022733175292753097 0.006374439410635773 0.011244117799274912 0.0007368467480478801 4.516290415793498e-05 0.7451236055014252
4.090554963005329e-05 4194372.558025106 2206.3225452173497 4.839058849133762 540.5821973194872 0.017460760391780353 0.1445144169139633 0.0707449666529164 0.0024011743028440865 0.006863442385525813 0.012131092401045608 0.0007124828757434377 4.805857475584492e-05 0.7451236055014252
4.1438794052445194e-05 4179979.849403887 2224.1954644437706 4.790303367383604 546.0842174285531 0.016714641395539298 0.13864864027055027 0.07584345330487235 0.00252309434524643 0.00736264455818941 0.013046991776629135 0.0006860876130390934 5.084123450883109e-05 0.7451236055014252
4.197761416895587e-05 4164658.5833368567 2243.1243490725683 4.7394702017845045 551.9412411619545 0.015971098962876178 0.13272458176842045 0.08097606175682344 0.002637210701794621 0.007868305990824404 0.013987725921748746 0.0006579613455533517 5.3448050533646204e-05 0.7451236055014252
4.234147027142635e-05 4153916.705806021 2256.3342070797303 4.704469463243951 556.0476236611061 0.015478522316001962 0.1287519081806221 0.08440706596685005 0.002708337856400724 0.008208278768218703 0.014628859956488615 0.0006383548316274632 5.506662236521821e-05 0.7451236055014252
4.27080697563977e-05 4142809.648971187 2269.9390419751635 4.668818279423859 560.2936137291354 0.014992425153285827 0.12478998798054997 0.08781889918706984 0.002774705763998107 0.008548011470255551 0.015277531897949283 0.0006182629049908951 5.657014047537049e-05 0.7451236055014252
4.3077501080606005e-05 4131363.9734472036 2283.9001500318004 4.6326410953111035 564.6690541753197 0.014514866007162452 0.12085372073451763 0.0911978347680227 0.0028358835953380263 0.008886190678241509 0.015932146135138953 0.0005978057382926957 5.794684186086491e-05 0.7451236055014252
4.344984561629223e-05 4119609.2551560993 2298.1754426669563 4.5960660279844685 569.1626381551797 0.01404779745683008 0.11695774712129571 0.09453058436655372 0.0028915027658332993 0.009221450787966766 0.01659100865208902 0.0005771170919339984 5.9186256072231045e-05 0.7451236055014252
4.366556787528597e-05 4112714.3737461716 2306.5185108435135 4.57488050174437 571.79833760152 0.013784391820105933 0.11473875649352107 0.09642325781365535 0.0029208784544489104 0.00941258026658663 0.016971536582161915 0.0005651573714382404 5.983569665677672e-05 0.7451236055014252
4.388229297566632e-05 4105734.053068698 2314.942140448499 4.553630428391996 574.4667044810624 0.013525385083504862 0.11254041137321733 0.09829417099944486 0.002948266375582222 0.009602011795598999 0.017352519535855822 0.0005531911638412479 6.043817152947258e-05 0.7451236055014252
4.410003279551567e-05 4098674.875661571 2323.4373697330575 4.53234007007933 577.165222639009 0.01327107752243586 0.11036520645183623 0.10014116056076312 0.002973628626327692 0.009789481668308418 0.01773360389735899 0.0005412434926264625 6.0992278918032376e-05 0.7451236055014252
4.4598902821282586e-05 4082365.065229293 2342.9745501775587 4.4839006894210005 583.4003129897212 0.01271168217215004 0.10551727960513027 0.10424173253903163 0.003023633467952837 0.010207116321745206 0.01859861403217052 0.0005142681266937178 6.206823370057563e-05 0.7451236055014252
4.472446303807567e-05 4078239.0844226656 2347.896147619513 4.471810872598767 584.9775717600547 0.012576213812201753 0.10432916719049559 0.10524319922657227 0.003034447779455296 0.010309347907843821 0.018814127193757673 0.0005075935138396157 6.229787440877114e-05 0.7451236055014252
4.4850362875936635e-05 4074096.026137412 2352.8296977100636 4.459736390856443 586.5613651484639 0.01244256210841121 0.10315127328174262 0.10623467564658483 0.0030445886266411253 0.010410616713576546 0.0190292108982661 0.0005009534632984744 6.251376005388055e-05 0.7451236055014252
4.497660377698775e-05 4069937.182268305 2357.773489211179 4.447681305082112 588.1511929899267 0.012310763918614142 0.10198396375810206 0.1072158705324571 0.003054055877597625 0.010510879365220417 0.01924379576139026 0.000494351559133546 6.271372605964246e-05 0.7451236055014252
4.5103186986807465e-05 4065763.8082139133 2362.725889934883 4.435649438053029 589.7465753676101 0.012180850334793826 0.10082757530192415 0.10818652611843876 0.003062851262989777 0.010610089327256302 0.01945781252918463 0.0004877917107355521 6.289791325178e-05 0.7451236055014252
4.524597718618593e-05 4061053.9727842775 2368.3043991950017 4.422148908472005 591.5470328489954 0.012037015012440708 0.09954036582134458 0.10926539071793345 0.003071945036684241 0.010720360117727321 0.019697762732563486 0.0004804680389275033 6.308702095349175e-05 0.7451236055014252
4.5389203345334246e-05 4056329.0953813335 2373.8894943010832 4.408687578223216 593.3532415733797 0.011895635281996532 0.09826780751624266 0.1103303044202449 0.0030801972941662354 0.010829178537101454 0.019936807811689775 0.0004732065580353966 6.32570790978412e-05 0.7451236055014252
4.5532866773968406e-05 4051590.9229982374 2379.478938558653 4.395270412729006 595.1645336876625 0.011756742516684581 0.09701030585919738 0.11138097946186942 0.0030876145140730864 0.010936482094671688 0.02017484986406473 0.00046601189524087845 6.340829277302155e-05 0.7451236055014252
4.6059945182943415e-05 4034242.9542702124 2399.8458150006695 4.346834325819869 601.7963578884834 0.011272122539757963 0.09256181955008463 0.11508470147990287 0.003107710943403904 0.011313691067200567 0.021032117285723673 0.0004404287360027559 6.380289649841975e-05 0.7451236055014252
4.6192629229679504e-05 4029891.7845138386 2404.9295351874243 4.334852929149685 603.4597040264914 0.01115629511712741 0.0914836580967799 0.11597931558745304 0.0031110771368212087 0.011404383612319277 0.02124359640407657 0.00043420332405935376 6.386521993800284e-05 0.7451236055014252
4.632567960467364e-05 4025537.223263355 2410.0072657027235 4.32292811527581 605.1243499468043 0.011042605537532394 0.09041944260126564 0.116861229384436 0.003113800815152555 0.01149355011303238 0.02145380138061787 0.00042804992596144224 6.391474057650547e-05 0.7451236055014252
4.6459096593989064e-05 4021180.500273685 2415.077482505713 4.31106285875343 606.7898222155462 0.010931058800098245 0.08936935025584608 0.117730344084589 0.0031158917239596366 0.011581158265144277 0.021662670165359083 0.0004219714474525593 6.394975612589781e-05 0.7451236055014252
4.659288033044413e-05 4016822.771600045 2420.138767739462 4.299259841412349 608.455678911393 0.010821654230894973 0.08833353594032714 0.11858659663828347 0.003117361495366851 0.011667170116297873 0.02187013555587337 0.00041596996664568524 6.397055488542195e-05 0.7451236055014252
4.67135960093422e-05 4012901.0646565896 2424.684962176789 4.288692885959135 609.9548592503166 0.01072502146318103 0.08741365619981936 0.11934616509984691 0.0031181639788481256 0.011743182482174284 0.02205559132960084 0.0004106359658105163 6.397797929371589e-05 0.7451236055014252
4.683460872066803e-05 4008980.262263511 2429.221834425379 4.278180164183475 611.4536941485505 0.010630117022674017 0.08650553676803992 0.1200952566352267 0.0031184824712628518 0.011817848757360316 0.022239811233590673 0.0004053667996725564 6.397481074774789e-05 0.7451236055014252
4.6955918366218244e-05 4005061.1505724024 2433.748436634485 4.267723353005222 612.9518830645342 0.010536935155643043 0.0856092526986355 0.12083386015783963 0.003118326613049442 0.01189114518036288 0.022422749891319146 0.00040016360668166637 6.396119504349017e-05 0.7451236055014252
4.73390368558962e-05 3992765.087753982 2447.8959269541792 4.235244927620347 617.6523696571278 0.010255252123169255 0.0828704715798649 0.12308658589529764 0.003114857082185343 0.012112321050418819 0.0229888015116164 0.0003842527058681293 6.385255015430788e-05 0.7451236055014252
4.772507691668543e-05 3980515.9696646463 2461.90618626863 4.2033781553116105 622.3349337050338 0.009990172269549418 0.08025040556917304 0.12523642802853005 0.003107135593609806 0.012319118282227245 0.02354045742571588 0.0003690270755332555 6.3650254236093e-05 0.7451236055014252
4.811402498951754e-05 3968333.9601547825 2475.7557317668575 4.172158063871132 626.9918410511682 0.009741252483392922 0.07774927188852707 0.12728487695367816 0.0030955053054526685 0.012511050696968005 0.024076574695977217 0.0003544993146061327 6.336315997262771e-05 0.7451236055014252
4.8505862868877075e-05 3956237.502546312 2489.423666606436 4.141612776415276 631.6160411034871 0.009507942963897275 0.07536637658308973 0.129234171055794 0.0030803248228578302 0.01268776366881672 0.024596142658489265 0.0003406731638994834 6.299958173049487e-05 0.7451236055014252
4.862779663523042e-05 3952511.2857756787 2493.6168086280477 4.1322934207362225 633.0404933241598 0.009438755001752775 0.07465216892620037 0.1298181906306379 0.003074961477627997 0.012739361536989688 0.024753551801046752 0.0003365337642587313 6.287136006055654e-05 0.7451236055014252
4.875000470533345e-05 3948795.304636532 2497.790300149616 4.123041337831409 634.4610328352722 0.00937098329034562 0.07394910072157591 0.1303930700602058 0.0030693034826179354 0.012789472073918519 0.024909267978162675 0.0003324617313933826 6.27351603549298e-05 0.7451236055014252
4.887248630944961e-05 3945089.986002559 2501.9436868301623 4.113856961928986 635.8774964301236 0.009304607108675 0.07325710575662914 0.1309589092973965 0.0030633615883810575 0.012838092341462529 0.025063269291792388 0.0003284563784154349 6.259273582272355e-05 0.7451236055014252
4.896942792357241e-05 3942170.9359213817 2505.2099697979443 4.106650290042095 636.9933841131195 0.009253149364203477 0.07271827865214416 0.13139954347129082 0.0030584741714462338 0.01287544284615116 0.02518369038929955 0.0003253393742846598 6.247622975473446e-05 0.7451236055014252
4.9066539302462315e-05 3939258.9887466272 2508.463234947102 4.099486267191907 638.1065565600494 0.009202538423217055 0.07218627783836659 0.13183465541152117 0.003053421586822521 0.012911861771648851 0.025303019829818488 0.0003222635675122182 6.235606966789066e-05 0.7451236055014252
4.9163820027121615e-05 3936354.3319515674 2511.7032883105076 4.092365038118118 639.216942100055 0.009152763499914618 0.07166106300280509 0.13226429945230547 0.003048209043718154 0.012947349250793412 0.025421249259301042 0.0003192287965463679 6.223219319063078e-05 0.7451236055014252
4.95627433676692e-05 3924574.361915256 2524.7909693386555 4.06373671484809 643.7201150519974 0.008957996577839633 0.06958624598190713 0.13396284573766426 0.0030253703211828597 0.013082593574523233 0.02589239406678883 0.0003072597123149731 6.168852635387715e-05 0.7451236055014252
4.966291050173954e-05 3921650.2016158155 2528.026650650596 4.056692156598059 644.8379528548547 0.00891136286278003 0.06908473374031887 0.13437385648871134 0.0030192992657564984 0.013113990301988735 0.02600723610777731 0.0003043715441144422 6.154418712758093e-05 0.7451236055014252
4.976325117501878e-05 3918734.6671714205 2531.247543957182 4.049692656675445 645.9524925455806 0.008865529083926332 0.06858999346015313 0.13477954090650487 0.003013093706740691 0.013144426844924803 0.026120888716672605 0.00030152402699250535 6.139775265987053e-05 0.7451236055014252
4.986376486736917e-05 3915827.918907444 2534.4534983381395 4.042738254099871 647.0636734817449 0.008820483244695336 0.06810196799211758 0.13517996281023265 0.003006758740579071 0.013173907421293353 0.026233349278761538 0.00029871734567286055 6.124766522241588e-05 0.7451236055014252
4.996445105223475e-05 3912930.099327735 2537.644382054025 4.035828948000753 648.1714411902648 0.008776213167676976 0.06762059977442204 0.13557518785671654 0.003000299469596939 0.01320243578365409 0.02634461329527444 0.0002959511343794403 6.10940168543283e-05 0.7451236055014252
5.0054139009166874e-05 3910360.5928374594 2540.469382180533 4.029722147849335 649.1537058005724 0.008737483545335907 0.06719804497176268 0.1359223655073508 0.0029944549330350487 0.013227010825213398 0.026442555127916614 0.00029352458733732605 6.095500062303141e-05 0.7451236055014252
5.01439625879804e-05 3907798.347105121 2543.2822846903823 4.023650978828771 650.1331947992401 0.008699349343454371 0.06678066622928033 0.13626553157524343 0.0029885194894617374 0.01325083960808933 0.026539545136498855 0.0002911293740032674 6.081374254348148e-05 0.7451236055014252
5.023392140258511e-05 3905243.450027555 2546.083012909712 4.0176154098339225 651.1098745838325 0.008661802007776071 0.06636842033849197 0.13660473300618883 0.0029824965605793068 0.013273925693074657 0.026635581417647606 0.00028876523838810853 6.0670236428269635e-05 0.7451236055014252
5.044855015745725e-05 3899193.3204402253 2552.6989781573916 4.00339460078918 653.4227390693313 0.008574748160446321 0.06540768256194943 0.13739635060946137 0.002967833510402008 0.01332590822939665 0.026860289327315923 0.00028326212515922603 6.031997444388368e-05 0.7451236055014252
5.06639372507382e-05 3893186.3230610033 2559.244746858555 3.9893744220282388 655.7191150518992 0.00849085610934646 0.06447515605516763 0.13816641339974906 0.0029527375018868493 0.013373766281518727 0.02707957754416546 0.0002779296438024792 5.995796293817319e-05 0.7451236055014252
5.0880077197783885e-05 3887223.386244535 2565.7196112097577 3.975553863633059 657.9986475727159 0.008410011888676268 0.06357021688708675 0.13891556260054463 0.0029372511581807204 0.01341756294249352 0.027293440000797965 0.00027276356923252654 5.95854515624511e-05 0.7451236055014252
5.1032749856034526e-05 3883050.6576212165 2570.2368490472145 3.965939453058363 659.5937977837158 0.008354845975231381 0.0629491144338477 0.1394309529787676 0.0029261312090372504 0.013446005719596253 0.027440803339014802 0.0002692226412608778 5.9318201818981e-05 0.7451236055014252
5.118579118386556e-05 3878900.4482278517 2574.7184708947325 3.956422945171584 661.1803393809279 0.008301096933355448 0.06234115235861233 0.13993651112896152 0.0029148517317688265 0.013472494639029954 0.02758547974201521 0.0002657603742780986 5.9047590553417304e-05 0.7451236055014252
5.1339199176476884e-05 3874772.994126153 2579.1643407151737 3.9470038036317923 662.7581820965154 0.008248726699053627 0.06174610072374143 0.14043245665236032 0.00290342578866413 0.013497058406327764 0.02772747797849787 0.0002623755940333238 5.877265589634941e-05 0.7451236055014252
5.144700932479645e-05 3871891.8957815445 2582.2610418409317 3.9404555003561517 663.859562780649 0.008212800345908749 0.06133634767483071 0.14077466356222795 0.0028953313316341486 0.013513152378760683 0.02782547502920468 0.0002600472422958889 5.857693371200968e-05 0.7451236055014252
5.155499813172898e-05 3869022.1594054727 2585.3400782799595 3.933954585154272 664.956600031633 0.008177520742562358 0.06093275122070435 0.14111232527611295 0.00288717536540876 0.013528324279178711 0.027922162722679316 0.0002577557608108549 5.837913111752773e-05 0.7451236055014252
5.166316488951203e-05 3866163.8449169863 2588.4014300492004 3.927500831773169 666.0492709410885 0.008142875219414047 0.060535230843898453 0.14144551605822736 0.0028789620017439454 0.013542585040388277 0.0280175451043579 0.00025550054696001014 5.8179683584830715e-05 0.7451236055014252
5.177907300305004e-05 3863118.856445315 2591.6567343867036 3.9206488389547935 667.2133039898604 0.008106500611710064 0.060116615662132646 0.1417970834659151 0.002870116761371066 0.013556844620159096 0.028118141182442227 0.0002531275567094877 5.7964638135133944e-05 0.7451236055014252
5.1895183070129284e-05 3860087.062902877 2594.8917743009483 3.9138502499830454 668.3722928935184 0.008070822138136846 0.05970476264849836 0.14214370847449193 0.002861215188660661 0.013570088153160863 0.02821725522137621 0.0002507948293150555 5.77478449349008e-05 0.7451236055014252
5.2011494211894696e-05 3857068.519064447 2598.10654729964 3.9071047560665204 669.5262167110682 0.008035824851469043 0.05929957292057728 0.14248547984503085 0.002852261908716916 0.013582329827739575 0.028314894061104677 0.000248501723656446 5.752936028002414e-05 0.7451236055014252
5.258685854196594e-05 3842406.148270941 2613.633855099306 3.8746676932681607 675.1312041979529 0.007873037503345951 0.05739923148529972 0.14409966904176894 0.002807579442108113 0.013628456630041058 0.028774217839940212 0.00023777272656273933 5.642982950810559e-05 0.7451236055014252
5.2731444707316165e-05 3838791.412624039 2617.439339541964 3.8667533874012925 676.5130339437286 0.007834659291801613 0.05694759107578249 0.14448640387035927 0.0027962901077804797 0.01363646237928936 0.028883608189261806 0.0002352285942371594 5.615099006263881e-05 0.7451236055014252
5.287632568523648e-05 3835197.0663368287 2621.2144187824606 3.8589157281428217 677.8870672260042 0.007797160663326797 0.05650498092324541 0.14486670676584895 0.0027849663166308177 0.013643114262407472 0.028990854956441676 0.00023273669029118856 5.58739203825051e-05 0.7451236055014252
5.30214997901861e-05 3831623.1483788798 2624.959170370454 3.8511540530999726 679.253291235486 0.007760517393012711 0.05607121807938945 0.1452407255408043 0.002773614430749411 0.013648443022318262 0.02909598466831467 0.00023029692733337717 5.559443665261476e-05 0.7451236055014252
5.3166965351016476e-05 3828069.670964804 2628.6736920528024 3.843467663912599 680.6117012989457 0.007724705670321425 0.05564612507968377 0.14560860708666398 0.0027622406828699134 0.013652477897076598 0.029199019463282155 0.00022790865437043945 5.530996430651125e-05 0.7451236055014252
5.323931482392382e-05 3826312.5230293497 2630.5072228778818 3.8396781638329793 681.2834185591464 0.007707222304175939 0.05543817939498884 0.14578907105340982 0.0027565859800138155 0.013654010425526233 0.029249415726513347 0.00022674100630354032 5.516860764324671e-05 0.7451236055014252
5.331173556320425e-05 3824560.413065545 2632.3333457946687 3.835906961918563 681.9532099169236 0.007689935522286206 0.05523230724342129 0.1459680740079574 0.0027509280370436955 0.013655234894788724 0.02929930157151458 0.0002255852696109471 5.502795195196263e-05 0.7451236055014252
5.33842273643049e-05 3822813.3410794865 2634.1520738780887 3.832153972409414 682.6210753683056 0.0076728425736917 0.055028487314890226 0.1461456331029625 0.002745267532540191 0.013656154929420558 0.029348680518839442 0.0002244414975789655 5.488702865121454e-05 0.7451236055014252
5.3455931609107805e-05 3821091.8742912 2635.942047890986 3.8284631632919495 683.2791525082138 0.0076561394899118534 0.05482907269948433 0.14631969091141664 0.0027396720906709324 0.013656768597467554 0.029396980451998244 0.00022332290201057198 5.474735561465093e-05 0.7451236055014252
5.35277048480561e-05 3819375.3228618987 2637.7248327578313 3.8247899648234203 683.9353506157319 0.0076396204345127415 0.05463162107538035 0.1464923715776722 0.00273407541934699 0.013657092094715667 0.029444790740647365 0.00022221573074933328 5.46074255501433e-05 0.7451236055014252
5.359954688392068e-05 3817663.683872867 2639.500445307463 3.821134289888698 684.5896708066845 0.007623282847547031 0.05443611224560048 0.14666369113675282 0.0027284781273154194 0.013657128958469246 0.029492114019345567 0.00022111984097883608 5.44673225654006e-05 0.7451236055014252
5.371184644560818e-05 3815001.2211346305 2642.25831120422 3.815461723562163 685.607471690423 0.007598132363441236 0.05413470942341251 0.14692848086357696 0.0027197396861227837 0.013656622493472709 0.029565030263585944 0.00021943112478963557 5.42482801729988e-05 0.7451236055014252
5.3824312468125774e-05 3812350.7094690846 2644.998804399594 3.809831324182613 686.6207039190305 0.007573408616890755 0.053837917424904735 0.1471900509475702 0.002711003345325655 0.013655439443491903 0.029636776706367725 0.00021776911292033967 5.402890110345625e-05 0.7451236055014252
5.393694420312085e-05 3809712.13153203 2647.7219953687527 3.8042427564416306 687.6293741227695 0.007549102327449229 0.05354566118449451 0.14744845999367057 0.002702271206715745 0.013653593215028154 0.029707363992798032 0.00021613332253324813 5.380925588527047e-05 0.7451236055014252
5.4540392449567055e-05 3795840.845122244 2661.955661786289 3.775131238638028 692.9319539542133 0.00742617515061741 0.0520607287345875 0.14877542517218367 0.0026558472925860806 0.01363307300026126 0.03006467446243127 0.00020783373854274775 5.2636947364798916e-05 0.7451236055014252
5.4691974156979505e-05 3792425.5198553214 2665.4389976655507 3.768031636136806 694.2375537762238 0.007397100452825708 0.05170800966339352 0.14909438048631873 0.0026443024747075956 0.013625294560176152 0.030149098082621114 0.0002058649205508369 5.234385798108758e-05 0.7451236055014252
5.484384035019301e-05 3789031.03866582 2668.8926643671657 3.7610017843123704 695.5351833477816 0.007368652484953954 0.0513623808633983 0.14940845544932774 0.0026327889695539116 0.01361651640314062 0.030231614113849836 0.0002039367589134055 5.204945543695981e-05 0.7451236055014252
5.499598927027027e-05 3785657.320757471 2672.3168796534333 3.7540408748611194 696.8248756001661 0.007340812852712268 0.05102367866362055 0.14971776868670192 0.0026213101447714773 0.013606769603890997 0.03031225111305708 0.00020204810557155494 5.175532824888486e-05 0.7451236055014252
5.514841918583524e-05 3782304.2725206288 2675.7118651964142 3.74714809610984 698.1066663307982 0.007313563793812559 0.050691745538751797 0.15002243593759668 0.0026098692060071665 0.013596084082662404 0.030391034709443154 0.0002001976172634803 5.146361303750778e-05 0.7451236055014252
5.521360716191964e-05 3780878.4627074623 2677.153011139668 3.7442247538817663 698.6517203357079 0.0073021013404329345 0.05055200058247993 0.15015117192047994 0.002604995089749021 0.013591241717879678 0.030424125814708023 0.00019941874446932197 5.133928837587856e-05 0.7451236055014252
5.527884594751554e-05 3779456.3996847314 2678.5888805210147 3.7413136335296064 699.1953420262054 0.007290742172477753 0.05041345021296348 0.15027908952427613 0.0026001286466400754 0.013586235785032041 0.030456886828977226 0.00019864672391067175 5.1214604297330615e-05 0.7451236055014252
5.5344135409052525e-05 3778038.075085298 2680.0194918938387 3.7384146716002666 699.7375346013372 0.007279484994755735 0.05027608263219831 0.15040619724888143 0.002595270092306471 0.01358106856430436 0.030489319576640878 0.00019788141455268787 5.1089974934818394e-05 0.7451236055014252
5.540870200282245e-05 3776640.196816811 2681.4280283958997 3.735561893221046 700.2719109995605 0.007268459953817301 0.05014149085571722 0.1505310136573441 0.002590476978709596 0.013575806252729587 0.03052104814132958 0.00019713166362315146 5.0966995304166185e-05 0.7451236055014252
5.547331782198037e-05 3775245.9534164313 2682.831465100785 3.732720866499824 700.8048978695742 0.007257532040005176 0.050008031398679334 0.15065505546896776 0.0025856919678955044 0.01357039081591153 0.030552460336371934 0.0001963883145954223 5.0844156148027515e-05 0.7451236055014252
5.553798273850026e-05 3773855.3370238505 2684.22981916387 3.729891531777642 701.3364982161594 0.007246700052530239 0.049875693142379524 0.15077833061535997 0.0025809152497820926 0.013564824402913544 0.03058355829415649 0.0001956513036746524 5.0721437778173844e-05 0.7451236055014252
5.579862223385492e-05 3768297.33599789 2689.8045937875677 3.7186257615636067 703.4612336260213 0.00720406288144192 0.0493543486689128 0.15126671411741524 0.0025617867150412948 0.013540959173596422 0.03070554529987559 0.00019274874704733674 5.022889524409433e-05 0.7451236055014252
5.60600460409309e-05 3762797.365786397 2695.298526372759 3.707544412887888 705.5637840857175 0.007162885432728511 0.04885027387166188 0.15174330568578864 0.002542806090132152 0.013514821055266 0.03082262095454857 0.00018994367289207827 4.973773555686511e-05 0.7451236055014252
5.6125523737701735e-05 3761431.3842207515 2696.65946534031 3.704802513506514 706.0859670890089 0.0071528120286278385 0.04872688646569262 0.1518606586538418 0.002538085085273737 0.013507944423159937 0.0308511349443398 0.00018925711814530397 4.961577949367184e-05 0.7451236055014252
5.619104981235226e-05 3760068.9833602128 2698.0154450641435 3.702071838178788 706.6067812746494 0.007142824240132162 0.048604525348872635 0.15197731222516841 0.0025333741316864557 0.013500936061530149 0.03087935167613368 0.00018857621147894713 4.94946035722838e-05 0.7451236055014252
5.625662413832635e-05 3758710.155783662 2699.3664813767305 3.69935233143175 707.1262294745011 0.007132921049989576 0.04848318016610738 0.1520932732224915 0.0025286733443448217 0.013493798024198695 0.030907274269012887 0.00018790103442000407 4.937338800985037e-05 0.7451236055014252
5.6318635696797535e-05 3757429.347853209 2700.6386753910133 3.6967926260329076 707.6158525100218 0.0071236394111057495 0.04836943425985325 0.1522022254425367 0.0025242405904637444 0.013486935239682332 0.030933392588917846 0.00018726821637870964 4.925874963637144e-05 0.7451236055014252
5.6380690124794374e-05 3756151.7145410483 2701.906487238429 3.6942427918445655 708.104261960783 0.00711443151872762 0.04825657796758381 0.15231057131982603 0.0025198171411648144 0.013479960120434354 0.030959251844960324 0.00018664039220675106 4.914419367098213e-05 0.7451236055014252
5.6442787316060396e-05 3754877.2477629352 2703.169932753771 3.6917027792526538 708.5914609172847 0.007105296514625418 0.048144602838115634 0.1524183166503337 0.0025154031009038073 0.01347287433098548 0.03098485376719247 0.0001860175002192938 4.902979619888092e-05 0.7451236055014252
5.6504517538281226e-05 3753614.306777883 2704.4207446685145 3.6891891808514394 709.0742538227071 0.007096293041216006 0.048034229800960844 0.1525247629985778 0.002511027564031749 0.01346572728435145 0.031010033943154033 0.0001854035461512466 4.891632013155415e-05 0.7451236055014252
5.6566289753800245e-05 3752354.4748380613 2705.6672785143005 3.686685178274826 709.5558582105851 0.007087359842135045 0.047924709938600735 0.1526306279051338 0.002506661507984526 0.013458474252733584 0.03103496367589927 0.0001847943605915002 4.880301549625434e-05 0.7451236055014252
5.66281038592463e-05 3751097.7439348386 2706.9095497417175 3.684190723537158 710.0362771424407 0.007078496107365571 0.04781603517838764 0.15273591686720042 0.002502305025309785 0.013451116826717999 0.0310596447079987 0.00018418989484629013 4.868989074830265e-05 0.7451236055014252
5.724852689280722e-05 3738699.210652572 2719.1010341131537 3.6597611429216785 714.7759002476027 0.006993514686873144 0.0467741028822622 0.15375825428338308 0.0024592838365679742 0.013372128935131707 0.03129314153026069 0.00017839427837791524 4.757406571801962e-05 0.7451236055014252
5.8011908811312126e-05 3723961.5805878965 2733.438974977679 3.6311416949423245 720.4095255403104 0.006897977503066802 0.04560418052218847 0.15493685929669693 0.0024081412179010565 0.01326381171989098 0.0315473049801238 0.00017188637040113422 4.623288830554228e-05 0.7451236055014252
5.878119514533228e-05 3709657.071449963 2747.1946648330636 3.6037885025970953 725.8775213189855 0.006810406270944227 0.04453542381163658 0.15604610892331097 0.002358631721702905 0.013144821080728723 0.031770135515307926 0.00016593641572166577 4.493075922198708e-05 0.7451236055014252
5.955621271090296e-05 3695769.5728242095 2760.3963010691364 3.5776240956755854 731.1861156081183 0.0067297774372629396 0.04355657982307693 0.15709324566825802 0.002310800960850214 0.013017351184458062 0.03196448887528902 0.00016048022979537588 4.367031959052513e-05 0.7451236055014252
6.0336795324861165e-05 3682282.798859187 2773.071285195362 3.552575656010376 736.3415501644134 0.006655223188256684 0.042657731230307916 0.15808453116401322 0.002264659627939477 0.0128833026296398 0.03213303034340319 0.00015546292349895738 4.245339152592713e-05 0.7451236055014252
6.112278344887419e-05 3669180.5265051513 2785.2461131494083 3.5285748704776143 741.3500242008352 0.006586003806443695 0.04183013715471262 0.1590254069838528 0.002220193696550093 0.012744308810112695 0.03227822806050448 0.00015083636311488354 4.127962329644767e-05 0.7451236055014252
6.191402403902995e-05 3656446.785102219 2796.9462639595777 3.5055578098466182 746.2176371119364 0.006521485434652425 0.041066091799653044 0.15992062485074954 0.0021773721936617194 0.012601763717072282 0.032402347809430444 0.00014655841783531423 4.015027553279614e-05 0.7451236055014252
6.271037042715203e-05 3644066.009105535 2808.1960967806976 3.4834648010833833 750.9503368053184 0.006461123133214307 0.04035880329034618 0.160774347244492 0.00213615258642876 0.012456849481370031 0.032507462648886036 0.0001425920287411997 3.9064085109796866e-05 0.7451236055014252
6.366056183920413e-05 3629829.4724238343 2820.9777829716304 3.4584014601831634 756.3925402357696 0.006394316110937333 0.039585768564602664 0.16173745026765063 0.0020893074492160835 0.012283424142148724 0.03261004303807759 0.0001382506079255064 3.7834318028231277e-05 0.7451236055014252
6.461750331202339e-05 3616043.3086773893 2833.196730179593 3.4344714774555163 761.6627719270149 0.006332007700864718 0.03887521674737391 0.16265279006887032 0.0020445500122749905 0.012109468337493134 0.032691445893110876 0.00013425467855785608 3.666106004348669e-05 0.7451236055014252
6.558098473240607e-05 3602684.626512623 2844.886342931376 3.4115972162980563 766.7696095911276 0.0062736571608047595 0.03821987801415651 0.16352480195986166 0.0020017796979087564 0.01193602966621087 0.03275412693116832 0.00013056741924380322 3.555364922374659e-05 0.7451236055014252
6.636590660524616e-05 3592164.700477674 2853.9865731184027 3.3937974224122933 770.7911640063844 0.0062289871985470435 0.03772528591048956 0.16420188862175492 0.001968528940191608 0.011796528714692578 0.03279270818087608 0.0001277816014274428 3.46853306097509e-05 0.7451236055014252
6.649775940010076e-05 3590428.14080999 2855.479821464202 3.3908770161111637 771.455010958522 0.006221714518951248 0.03764537146630853 0.16431288636244254 0.00196307753944713 0.011773280912202177 0.03279818832415883 0.00012733121765519154 3.4544157426491026e-05 0.7451236055014252
6.66297254739521e-05 3588698.6847909065 2856.9644350890317 3.3879735521390146 772.1161412170619 0.006214498772417437 0.0375662559269662 0.16442322073472107 0.0019576591770459188 0.011750070785248617 0.03280339809279218 0.00012688560952938053 3.440539987192273e-05 0.7451236055014252
6.676180436187808e-05 3586976.285195545 2858.4404831692536 3.3850868739607467 772.7745735997239 0.006207339015650221 0.03748792646236736 0.16453289999164203 0.001952273618346979 0.011726899869002154 0.032808343686273826 0.00012644462886612483 3.4267226443832166e-05 0.7451236055014252
6.689399560400428e-05 3585260.8932337128 2859.9080366237476 3.382216825455505 773.4303270964117 0.0062002343544873845 0.03741037059306865 0.16464193194565108 0.0019469206199221151 0.011703769614953992 0.03281302988649491 0.00012600809055370938 3.4129393460523716e-05 0.7451236055014252
6.715871273760705e-05 3581850.871357642 2862.8180854307193 3.3765258011049513 774.7339187418604 0.006186185732946158 0.03725751501884908 0.1648580940602153 0.0019363110068168462 0.01165763824326248 0.032821646368969885 0.00012514776544060889 3.3856302091445686e-05 0.7451236055014252
6.742387348052941e-05 3578468.2551324177 2865.6950836469587 3.370899342325483 776.0270479682732 0.006172346555814517 0.037107599583116366 0.16507176291877548 0.0019258285145797524 0.01161168642027519 0.03282927964145671 0.00012430402908553552 3.3586835488018985e-05 0.7451236055014252
6.768947454866525e-05 3575112.6943439203 2868.5395050471657 3.3653363635460396 777.3098386119915 0.006158710857896462 0.036960539685191786 0.16528299135111418 0.0019154713704051818 0.011565923046483151 0.0328359605851431 0.00012347646933077422 3.3321133026848375e-05 0.7451236055014252
6.821795121800512e-05 3568530.506877964 2874.0919092428776 3.3544766440499667 779.8262868406106 0.006132216836381609 0.03667665640308067 0.16569530844045907 0.001895275265093286 0.0114756896069532 0.03284656380054096 0.00012187958710700164 3.280455897559327e-05 0.7451236055014252
6.8748121317331e-05 3562050.510389864 2879.5222446009484 3.343853567747452 782.303714150143 0.006106453395976078 0.03640301197987303 0.16609865009385966 0.0018755505936227115 0.011386296278804145 0.032853788853327834 0.00012034132617831813 3.230197695004711e-05 0.7451236055014252
6.927995976452019e-05 3555670.0648315614 2884.8341194527748 3.3334591855359443 784.7430911929583 0.006081380306241126 0.0361390276155109 0.16649338442569458 0.0018562836866091142 0.0112977947617653 0.032857852099692116 0.00011885863525928252 3.18129678199949e-05 0.7451236055014252
7.034064685449889e-05 3543289.3246338167 2895.0397691082544 3.313474928323982 789.4760401721869 0.006033522364209066 0.0356417200525435 0.167252714669806 0.0018193432542769716 0.011124888457548136 0.032857255053328704 0.0001160696991249012 3.0880947756079904e-05 0.7451236055014252
7.140762866867893e-05 3531272.0117465616 2904.8175383858816 3.2943069668324605 794.0696152363375 0.005987982345268623 0.035176599704471095 0.16798191100785947 0.0017840544240859777 0.010955946913108182 0.03284643440907999 0.00011346788900141859 2.9997805718673713e-05 0.7451236055014252
7.248071041043904e-05 3519598.214382049 2914.195849242075 3.2758980237602744 798.5318977116201 0.005944505350949948 0.03473993674516989 0.16868343465516925 0.0017503124848702424 0.010791187597697953 0.0328268235717464 0.00011103342664719761 2.9160666341816348e-05 0.7451236055014252
7.355971797971193e-05 3508250.3684448875 2923.1986896807257 3.2581988188447224 802.869686924316 0.005902888181278752 0.034328745957724414 0.16935931708644575 0.0017180252159149628 0.010630718527899678 0.032799581991937256 0.00010875066440440287 2.8366872986625147e-05 0.7451236055014252
7.464448895804811e-05 3497212.376423404 2931.8475428800784 3.2411651502115917 807.0891004897621 0.005862961240343759 0.03394050873222262 0.17001131620323842 0.0016871076009880655 0.010474584846179085 0.03276569624596639 0.0001066060647467086 2.7613564906235554e-05 0.7451236055014252
7.57348687714579e-05 3486469.2082272563 2940.1622736423274 3.224756495582247 811.1958435332099 0.005824578387476586 0.03357302960664928 0.17064099768014376 0.0016574798136975257 0.01032279185189489 0.03272603163902837 0.00010458740054606006 2.68981191544452e-05 0.7451236055014252
7.683070968731736e-05 3476006.765493889 2948.16140701739 3.2089354685850995 815.1952855494657 0.005787611632945109 0.0332243755983883 0.17124977273056438 0.0016290670695927256 0.010175312708093392 0.0326813527828483 0.00010268368015628227 2.621829600211403e-05 0.7451236055014252
7.836913790497995e-05 3461847.827010839 2958.831514555343 3.1877700639779465 820.6078271400492 0.005738168714774514 0.03276599685221967 0.1720669482600762 0.0015913092238980405 0.009976570600846247 0.03261187555893652 0.00010020050329029516 2.532478454874166e-05 0.7451236055014252
7.991756684144459e-05 3448176.6016288027 2968.964180159675 3.1675962955856996 825.8341093745179 0.005690997481800469 0.03233694002408055 0.17284900160667319 0.0015556077615967864 0.009785921744444285 0.032535535830413305 9.78994176001175e-05 2.4490631981503555e-05 0.7451236055014252
8.147565870618996e-05 3434963.04329497 2978.597536775989 3.1483388768210236 830.885482144922 0.005645882362673863 0.031933942176312936 0.17359858189837996 0.0015218066463337336 0.009603092788984541 0.032453616260039266 9.576143099242306e-05 2.3710934873812754e-05 0.7451236055014252
8.304309608817997e-05 3422179.661573397 2987.7662140839598 3.1299301344095345 835.7723505916316 0.0056026391793206 0.03155422271167985 0.17431803161534484 0.0014897644179026831 0.0094277842013048 0.03236720159893062 9.376990055928404e-05 2.2980873548416237e-05 0.7451236055014252
8.461957903017709e-05 3409801.105805437 2996.5021372715114 3.1123085735752913 840.5044049401536 0.005561106841671814 0.031195358069315345 0.1750094580880511 0.001459351762632119 0.009259688796581508 0.032277223751000034 9.191029573692348e-05 2.229689360243194e-05 0.7451236055014252
8.682806831514411e-05 3393204.2718354673 3007.9941663104705 3.088991093202609 846.8490153239361 0.005505894441900791 0.030726752278341065 0.1759285875241525 0.0014195191748156203 0.009037170689844522 0.03214753938048379 8.951771658422199e-05 2.141329246879156e-05 0.7451236055014252
8.90528190879654e-05 3377289.899136385 3018.7746569580727 3.0669580643156986 852.9327792444731 0.005453411219088245 0.03028983046987455 0.17680152520430686 0.0013823330812574024 0.00882717122139538 0.03201419482628012 8.732643262116578e-05 2.0602043766903513e-05 0.7451236055014252
9.129317425087185e-05 3362007.6116320784 3028.905206809279 3.0460938609528796 858.7749376851865 0.005403397536695589 0.02988078740895619 0.1776320987487033 0.001347546009153975 0.008628857856453783 0.031878539837122404 8.531210424582792e-05 1.9854997259549934e-05 0.7451236055014252
9.354852468199896e-05 3347312.426007392 3038.4402111360473 3.0262972091189395 864.3926504444752 0.005355635772218673 0.029496478925396183 0.1784236423935938 0.0013149402682583904 0.008441436415856046 0.03174164045665551 8.345444744873445e-05 1.9165819163244222e-05 0.7451236055014252
9.58183036466739e-05 3333163.9951311266 3047.4280692528578 3.007478808225335 869.8013294286998 0.005309940162417762 0.029134263753909602 0.17917909353412848 0.0012843233940178246 0.008264162218263696 0.03160434790457586 8.1735693405333e-05 1.852783787235529e-05 0.7451236055014252
9.881523839188962e-05 3315381.6283117975 3058.4553223493554 2.984156202349674 876.59924221236 0.005252891090282166 0.028689109868231748 0.180119235584371 0.001246910686089606 0.008045952623912792 0.03142486536419013 7.96678866114099e-05 1.776139490223142e-05 0.7451236055014252
0.00010183496779553471 3298404.1694230475 3068.701878792598 2.962224217103941 883.0894874597027 0.0051988121075744066 0.028273919557260788 0.18100693919734182 0.001212288822611197 0.007842557374425827 0.031247028066390403 7.778479628781165e-05 1.7064576698361653e-05 0.7451236055014252
0.00010487647921729936 3282167.791373958 3078.2420007967876 2.9415490708073566 889.2964226175762 0.005147445814307105 0.027885277436040464 0.18184664900472747 0.0011801686343826704 0.007652675321707296 0.03107168620402447 7.606294817745683e-05 1.6429135223232386e-05 0.7451236055014252
0.00010793883839162454 3266616.127559047 3087.1406430553375 2.9220147278251676 895.2415744906388 0.005098571729911124 0.027520341482486773 0.182642254400816 0.0011502995588428167 0.007475135891828052 0.030899461520733022 7.448239936257782e-05 1.5847514609259136e-05 0.7451236055014252
0.00011102118035754312 3251699.1205162266 3095.4549524941863 2.903519900662502 900.9440799858685 0.005051998375408246 0.027176715538545164 0.1833971874911224 0.0011224633340378312 0.007308887867350838 0.030730801248508174 7.302661986653531e-05 1.531402375026858e-05 0.7451236055014252
0.0001152146400168972 3232480.3723148396 3105.8461984505025 2.8800336226140435 908.2911550347546 0.0049924502045103234 0.026742838727790912 0.18435764269138932 0.0010877575967270846 0.007100607425835851 0.030509204624779233 7.123337994130982e-05 1.4659847615398838e-05 0.7451236055014252
0.00011944127376860799 3214241.8407384423 3115.371237293342 2.8580937155965707 915.2635728311025 0.004936437245795937 0.02633995317794411 0.18525599686645747 0.0010560096593608135 0.006909157719061486 0.03029515450238771 6.96129079249753e-05 1.4072419657297963e-05 0.7451236055014252
0.00012369942191115682 3196900.038641226 3124.1220655562815 2.83754033693097 921.8931733151522 0.004883655524158484 0.025964626027918457 0.18609790120479222 0.0010268781371924882 0.006732758744032156 0.030088890857046722 6.81414369600271e-05 1.354256648927265e-05 0.7451236055014252
0.00012798756217744596 3180381.996204299 3132.178113328727 2.818236432775861 928.207809394637 0.0048338404259751005 0.025613978824947304 0.18688829017993072 0.0010000719915504931 0.006569861359091995 0.02989048936417379 6.679945235542476e-05 1.3062900565013263e-05 0.7451236055014252
0.00013230429261984039 3164623.515577306 3139.60848929223 2.8000635583629667 934.2320312016086 0.004786758891422681 0.025285565851649355 0.1876315081401362 0.0009753413974221044 0.00641911307167098 0.02969990972461141 6.557052585901308e-05 1.2626895817961823e-05 0.7451236055014252
0.00013815139839464002 3144532.6560179912 3148.7188572885048 2.7772312925704683 941.9125704873799 0.004727400076359154 0.024875370883290164 0.1885632099759801 0.0009449843025782253 0.006233499199438432 0.029455756961270237 6.407257686454519e-05 1.2100522808769082e-05 0.7451236055014252
0.00014404498061669626 3125592.7115875795 3156.9326940372107 2.7560450911980086 949.1532174047068 0.004672173326671323 0.024497325703878928 0.18942468783132946 0.0009175481758800552 0.006065242081234649 0.02922505727112153 6.272714480923455e-05 1.1632963662958709e-05 0.7451236055014252
0.00014998242568687665 3107700.5607590424 3164.3558509877194 2.7363257653433952 955.9932880633293 0.004620701541190649 0.024147883635892136 0.19022291954511414 0.0008926637566333033 0.005912249756855686 0.029007248358167287 6.151223015499126e-05 1.1215674577827237e-05 0.7451236055014252
0.00015596134750014252 3090766.5666129743 3171.078731546264 2.7179208028668698 962.466994205192 0.004572654001969239 0.02382404532018194 0.19096397355407613 0.000870020413593141 0.005772740165192203 0.028801709769516404 6.0409778199855125e-05 1.084149585486646e-05 0.7451236055014252
0.00016197955810555366 3074712.1693243063 3177.17919706635 2.700699198578305 968.6043773405413 0.004527738159307927 0.02352324315715177 0.19165316905917046 0.0008493546410331599 0.005645186268361919 0.028607793462971293 5.9405057071381615e-05 1.0504693514379447e-05 0.7451236055014252
0.00016924553230958023 3056522.8353901706 3183.768573073638 2.681449106738235 975.5579768601609 0.0044776419900682 0.023189799395119254 0.19241781455593793 0.0008268646578539288 0.005506147421587865 0.02838967195661677 5.831161957704215e-05 1.0142901819507543e-05 0.7451236055014252
0.00017656193838660073 3039394.6826588814 3189.6588935851655 2.6635712141654326 982.105922947013 0.004431281133558792 0.02288304559887918 0.19312165620650004 0.0008065690263169089 0.005380483617771729 0.02818621331126961 5.732397214585186e-05 9.82163213769924e-06 0.7451236055014252
0.00018392587947956354 3023237.322775713 3194.9344215353017 2.6469236806651866 988.2827694395955 0.004388311575847864 0.022600206223743452 0.19377078508671383 0.0007881928985642369 0.00526656477231076 0.027996375009281812 5.6426608449677264e-05 9.532323664398678e-06 0.7451236055014252
0.00019133470046094867 3007970.1778344843 3199.6670308961034 2.6313838321326313 994.1191526980497 0.004348425955611312 0.02233888821068488 0.19437055691487629 0.0007715052218496394 0.005162998433035241 0.027819129402492652 5.561162213762805e-05 9.278737893499958e-06 0.7451236055014252
0.0001987859608841788 2993523.3122807085 3203.919155918135 2.6168460992799965 999.6419225199312 0.004311354164712811 0.022097009539118452 0.19492565479842722 0.0007563076131568234 0.005068597384080302 0.02765356619252719 5.486327218286121e-05 9.041534379368018e-06 0.7451236055014252
0.00020491203519652662 2982270.37466662 3207.078488390234 2.605633173989233 1003.9437215247275 0.0042829492093600765 0.021912302895173902 0.19534945980061502 0.0007448628180679711 0.0049974611293685505 0.027526194238528735 5.4296100791297634e-05 8.868306676401705e-06 0.7451236055014252
0.00021106385417306875 2971493.3189990697 3209.978297020685 2.5949842610104557 1008.0635574276796 0.004256146378930102 0.02173850353972337 0.19574816560236263 0.0007342205690898032 0.004931275292548897 0.02740560656230388 5.3767835343713305e-05 8.708718279404734e-06 0.7451236055014252
0.00021724033747369312 2961163.8993679904 3212.64188807048 2.584859043153765 1012.0122691221837 0.004230835327997154 0.02157481181830197 0.19612362692593155 0.0007243094591452244 0.004869604171491363 0.027291373230771084 5.327381937625964e-05 8.559745567124674e-06 0.7451236055014252
0.00022344046914013127 2951256.1940288246 3215.0900804171997 2.5752211407701933 1015.7997789815737 0.004206915679965701 0.02142050352466642 0.19647752237992058 0.0007150656591507256 0.0048120585957674225 0.027183096572591738 5.280964053674541e-05 8.422445982453492e-06 0.7451236055014252
0.00022966329179822123 2941746.673054699 3217.3416500458784 2.566037783520156 1019.4351316349159 0.004184295272011563 0.021274917748012014 0.19681137767740892 0.0007064322210554077 0.004758289295637506 0.027080416065329814 5.237213145357453e-05 8.294087668959912e-06 0.7451236055014252
0.00023721073829770147 2930755.6466431213 3219.823115986265 2.5555053281122584 1023.6367096739336 0.004158577435274895 0.02110980334149584 0.1971900039821597 0.0006967429800869293 0.004697914148248661 0.02696331333691947 5.188328450566984e-05 8.155989891103793e-06 0.7451236055014252
0.0002447884945537485 2920277.582208195 3222.068310369503 2.545544623177449 1027.642195624824 0.004134494873761655 0.02095558926973051 0.1975436609171991 0.0006877908981671161 0.004642103794394691 0.0268533083604382 5.142553967088117e-05 8.020845224244269e-06 0.7451236055014252
0.0002523951588180407 2910279.8627882255 3224.1006932043815 2.536112720786066 1031.4640371395792 0.004111923559080547 0.020811409537759104 0.19787436140889922 0.0006795054023970102 0.004590423487622615 0.026749869918106187 5.0998260376102496e-05 7.902924350830551e-06 0.7451236055014252
0.00025875460699136937 2902294.958516203 3225.6467853965587 2.5286297400601248 1034.5164514124706 0.004094188430837572 0.020698369681517503 0.1981336997484979 0.0006730656094192592 0.0045502374106928005 0.02666836197517793 5.066330751859005e-05 7.808334932045877e-06 0.7451236055014252
0.0002651324986594272 2894607.321212341 3227.0703959549933 2.5214669930766225 1037.4552087359193 0.004077364186306222 0.020591343291189706 0.19837931844366335 0.0006670133757168823 0.004512453485632474 0.026590834446972675 5.034687327405746e-05 7.720395838513898e-06 0.7451236055014252
0.0002715281496760129 2887202.0353546822 3228.38146069894 2.5146056044154985 1040.286023792223 0.004061394599575758 0.0204899477880656 0.1986121112982885 0.0006613192754663494 0.004476889287261739 0.026517045100014385 5.004755219610755e-05 7.639597725341757e-06 0.7451236055014252
0.00027794091004586496 2880065.1334705744 3229.589011057102 2.5080281282892867 1043.014245381425 0.004046227429147687 0.020393829507813738 0.1988329038552252 0.0006559565981602452 0.004443379229897257 0.026446771147022367 4.976386085253302e-05 7.5628704746282895e-06 0.7451236055014252
0.00028777467528886056 2869645.9164094985 3231.2526575765146 2.4984874333637412 1046.9970873942764 0.004024488141854489 0.020256387472250482 0.19914887298205694 0.0006483467338288815 0.004395797601508459 0.026345689229221748 4.935802899164098e-05 7.454308880828349e-06 0.7451236055014252
0.0002976449174728407 2859780.9601170733 3232.7193145721003 2.489521049940773 1050.768004426101 0.004004355331384069 0.02012946531105423 0.19944100377585883 0.0006413784954586449 0.0043521926054465405 0.0262516608074134 4.89826706486982e-05 7.35550132906329e-06 0.7451236055014252
0.0003075497060847365 2850431.440323071 3234.0119835727296 2.4810823482886786 1054.3418953535968 0.003985686877102767 0.020012110987916883 0.1997114976615586 0.0006349843423546405 0.004312145057124742 0.026164069615573902 4.863477781130183e-05 7.265179150575072e-06 0.7451236055014252
0.00031748724854813664 2841562.1047085156 3235.1506342931025 2.4731297164564645 1057.7322524639549 0.003968355662255111 0.0199034754707048 0.19996230937315726 0.000629105467371286 0.004275290216902839 0.02608236407826032 4.831181148469691e-05 7.18241845703227e-06 0.7451236055014252
0.0003317126102154499 2829681.252349446 3236.5423465807503 2.4625561061917836 1062.2738946112408 0.003945727613022737 0.019762137774739567 0.20028937757899398 0.00062151243931232 0.00422762990123957 0.02597504353795831 4.788976428959852e-05 7.075889037098762e-06 0.7451236055014252
0.00034599670330341805 2818627.924790652 3237.7005400829617 2.452799006264069 1066.4995619055665 0.003925293547410066 0.01963502116077795 0.20058442698385753 0.0006147313910170815 0.0041850041305813365 0.025877428536203256 4.7507768635944265e-05 6.9809801099168694e-06 0.7451236055014252
0.00036033551666910635 2808328.3846977837 3238.660009844148 2.4437765276698395 1070.4371025763671 0.003906800426624759 0.0195204860818644 0.20085123137201435 0.0006086601905712221 0.0041467689224073045 0.02578838993751617 4.716112896022307e-05 6.896438634613228e-06 0.7451236055014252
0.0003747253889074792 2798719.9712024364 3239.450640020173 2.435419173515789 1074.1104012278481 0.003890040170499858 0.019417102339968642 0.2010929357095028 0.0006032058148176747 0.0041123704279952015 0.025707074188968098 4.68456176558846e-05 6.8202291849578515e-06 0.7451236055014252
0.0003891629361280733 2789740.0005468684 3240.0972053207647 2.4276605718978237 1077.5431688862711 0.003874806128993814 0.019323607832404402 0.20131252395257138 0.0005982984352271364 0.004081333967912814 0.025632512874611067 4.655822083973823e-05 6.753086032906704e-06 0.7451236055014252
0.00040364505276433224 2781337.5423093867 3240.621826170423 2.4204458575855985 1080.7550424748665 0.0038609453945691766 0.019238886708207274 0.2015123459332768 0.0005938629574997004 0.004053245241620314 0.025564121781510653 4.629516510051394e-05 6.691316808991698e-06 0.7451236055014252
0.0004181688938813586 2773467.940796952 3241.0436707659424 2.413727132973583 1083.7633756887747 0.0038483098075495488 0.01916197555437801 0.2016945718208131 0.0005898427927493575 0.004027746753091731 0.02550125996426769 4.605324781043634e-05 6.634557933543188e-06 0.7451236055014252
0.00043273183306002293 2766088.418028627 3241.3782088732128 2.4074602517453 1086.5845297867834 0.003836761938516751 0.019092032624373482 0.20186116033529314 0.0005861939583894203 0.004004540829410183 0.025443289003090397 4.583158171555971e-05 6.58422780430614e-06 0.7451236055014252
0.0004532092744803357 2756493.1462492165 3241.72425984137 2.3993599633077616 1090.2528614409077 0.0038221917571999945 0.019004302137052797 0.2020714712746499 0.0005816235065953277 0.003975382975157195 0.02536935170103333 4.554994853192392e-05 6.5211983725600785e-06 0.7451236055014252
0.0004737528239771338 2747689.0176406605 3241.9526595081375 2.3919754774350217 1093.6186805845293 0.0038092778715783397 0.018927057848996558 0.20225806592320872 0.0005776002637326285 0.0039496362844510646 0.025302992799481634 4.529809930803464e-05 6.465407835444139e-06 0.7451236055014252
0.0004943570980109921 2739593.9031390287 3242.0869922679417 2.385225978565362 1096.713304789857 0.0037977956577989187 0.018858832993355844 0.202424180797386 0.0005740440019516092 0.003926805191762602 0.02524324778612038 4.507200561046892e-05 6.416064605798211e-06 0.7451236055014252
0.0005150172581900136 2732137.74930536 3242.1468712023257 2.379042908065911 1099.5636340790895 0.0037875526752545238 0.018798391269865548 0.20257257103357004 0.0005708891069238071 0.00390647853636394 0.025189271209966228 4.486841811083102e-05 6.372248536618192e-06 0.7451236055014252
0.0005357289384713789 2725258.414636128 3242.1480134852845 2.3733664619302526 1102.1934908002056 0.003778387470481027 0.01874468221871418 0.20270555180991612 0.0005680796785723068 0.003888314364156495 0.025140361219586984 4.468458772599337e-05 6.333149438687349e-06 0.7451236055014252
0.000565875445990646 2716186.1382159237 3242.070338788014 2.365921559084169 1105.661789833657 0.0037667228491248855 0.0186768936906917 0.20287513809944954 0.0005645218063238665 0.0038652142777601804 0.02507717232915222 4.444790643472153e-05 6.283539655345618e-06 0.7451236055014252
0.0005961115659904761 2708065.129327918 3241.9241239280886 2.3592966884827726 1108.7664719714794 0.0037566934342211237 0.018619182352368598 0.20302131700639117 0.0005614785494871089 0.003845356367842672 0.025021884214942957 4.4241590546226915e-05 6.240982792997816e-06 0.7451236055014252
0.0006264280444490903 2700772.320126463 3241.7308066546098 2.3533790295336634 1111.5545064329892 0.003748022437896764 0.01856977664909674 0.2031480239837574 0.0005588594719119756 0.003828180997947972 0.024973265921854823 4.4060796021925596e-05 6.204240105350087e-06 0.7451236055014252
0.0006568168047208653 2694203.469822774 3241.506332343964 2.3480742690430056 1114.0657261617166 0.003740486733135127 0.018527255058181428 0.20325843337366717 0.0005565921672634536 0.0038132400043220946 0.02493031326196089 4.390157402632204e-05 6.172326036450098e-06 0.7451236055014252
0.0006872707666338957 2688269.3373489045 3241.2625141649983 2.3433026783228588 1116.334261818575 0.003733904329351504 0.018490465941071912 0.2033551330131926 0.0005546183414578744 0.0038001710351825632 0.02489219671152152 4.376067946625698e-05 6.144447348703907e-06 0.7451236055014252
0.0007270675294265749 2681360.067929747 3240.92992262126 2.3377712474019074 1118.97563481895 0.0037265088566293745 0.018449569266721238 0.20346410356673328 0.0005524081378374386 0.0037854600274185276 0.024848631417070517 4.3600120325150196e-05 6.11310585742537e-06 0.7451236055014252
0.0007669526783023145 2675259.324691434 3240.592653269906 2.332908677737215 1121.3079579953028 0.0037202202265989933 0.01841519784775531 0.20355707453277172 0.0005505349479684266 0.003772920947768974 0.024810898113693736 4.34614591267713e-05 6.086422909044472e-06 0.7451236055014252
0.0008069160511071881 2669850.2550797793 3240.2592426459873 2.32861431137358 1123.3758432412928 0.0037148355268797973 0.018386096957087407 0.20363693872179225 0.0005489356782928369 0.0037621573669496234 0.02477802574637099 4.3340960310664236e-05 6.0635409094240955e-06 0.7451236055014252
0.000846948925459986 2665035.582340375 3239.9351749705534 2.3248052013944642 1125.2164542878536 0.003710194510679711 0.0183612859505424 0.2037059863052203 0.0005475608606534418 0.003752856662976135 0.024749230788144214 4.323563517837072e-05 6.043785198437516e-06 0.7451236055014252
0.0008870437772178517 2660733.880907539 3239.6238939105715 2.321412508592479 1126.8609331346797 0.003706169267675841 0.018339989172308096 0.2037660499109387 0.0005463712019514755 0.003744769351217584 0.02472387590954063 4.314306633552327e-05 6.026618625162793e-06 0.7451236055014252
0.000941584678845845 2655591.890719236 3239.225211716291 2.3173699575773847 1128.8266929798947 0.0037015063008519716 0.01831559752559847 0.20383585403397225 0.000544996343139161 0.0037353737851276436 0.024694025534414077 4.303428707748913e-05 6.006688411947355e-06 0.7451236055014252
0.0009962141212484384 2651131.2551633585 3238.8558790115003 2.3138743813841103 1130.5320144727377 0.0036975925038770815 0.018295377310828562 0.20389464781919417 0.000543845208254822 0.003727462588684316 0.024668537582772335 4.2941568001827404e-05 5.9899169798912835e-06 0.7451236055014252
0.0010509206190745639 2647240.4701005192 3238.5157628090806 2.310833986446673 1132.0194704447263 0.00369427919797558 0.018278457523197275 0.20394458200974816 0.0005428728622645355 0.003720745219042208 0.024646620054013295 4.286194897134552e-05 5.975683380601299e-06 0.7451236055014252
0.001105694521312447 2643829.1716460343 3238.2036885864213 2.308174912106796 1133.3235847517972 0.0036914518181139365 0.01826417556698492 0.20398732043780807 0.0005420448089378527 0.0037149971316324452 0.024627648118670967 4.2793108053823296e-05 5.96350839099943e-06 0.7451236055014252
0.001160527662052001 2640823.551585866 3237.9179906614618 2.30583717550231 1134.4725869697115 0.0036890207254153115 0.018252018890201824 0.20402416960002048 0.000541334130200192 0.0037100420693759566 0.024611122867692445 4.273319931663416e-05 5.9530163701546524e-06 0.7451236055014252
0.0012372977899697045 2637187.250432822 3237.5591756630392 2.303015141733252 1135.8627297840092 0.003686153024525021 0.01823783305949388 0.20406776269192348 0.0005404974563896948 0.0037041813989807477 0.024591364626021787 4.266163074659561e-05 5.9406105118009815e-06 0.7451236055014252
0.00131415457893405 2634096.8852829887 3237.24289750526 2.300622146514675 1137.04419892941 0.0036837791196932855 0.018226224785229214 0.2041039599139007 0.0005398062714016398 0.0036993161075510005 0.02457477639788454 4.260158868093992e-05 5.930314251661782e-06 0.7451236055014252
0.0013910853360255466 2631452.296017632 3236.963845948728 2.2985782925559954 1138.0552379245582 0.0036817944829920495 0.01821662159924567 0.20413430474752506 0.0005392295081859383 0.003695238361163897 0.02456073332803856 4.255078512124783e-05 5.9216863205891435e-06 0.7451236055014252
0.001468079629394486 2629174.651279187 3236.7172210246913 2.296820993161318 1138.9259648060474 0.0036801203049385786 0.018208597905250843 0.20415996584005142 0.0005387438059882933 0.0036917908272895046 0.02454875395954163 4.250746266218521e-05 5.9143928705669685e-06 0.7451236055014252
0.0015451288021948006 2627201.1531831683 3236.4988247018164 2.2953005664740145 1139.6803990867022 0.003678695886429891 0.018201829707640563 0.20418184647547497 0.0005383312032781051 0.003688851864490309 0.024538460937920142 4.2470247377514e-05 5.9081759815180424e-06 0.7451236055014252
0.001656778302078173 2624781.9700028407 3236.2253556886267 2.2934394603950348 1140.6052397705146 0.0036769816779532944 0.018193756789467927 0.20420823744947753 0.0005378354644739932 0.0036853080161231926 0.024525949401221315 4.242501953047644e-05 5.900680345275204e-06 0.7451236055014252
0.001768510153962653 2622780.7261356153 3235.99436162398 2.291902102056812 1141.370333085106 0.0036755900457501834 0.01818726358582678 0.20422971158392655 0.0005374336884237916 0.003682425213881669 0.024515687867916615 4.238792952611464e-05 5.894583341288834e-06 0.7451236055014252
0.001880310503013168 2621112.233725858 3235.7983846938414 2.2906219449895397 1142.008209318445 0.0036744486027490866 0.01818198127750675 0.20424736045827427 0.000537104640665285 0.003680056581710288 0.024507196126637903 4.235723702166145e-05 5.88957402775024e-06 0.7451236055014252
0.001992168224601753 2619711.2877239436 3235.6313828659195 2.2895482081298986 1142.5437806176228 0.00367350378236251 0.018177640630735067 0.20426199488653893 0.0005368326453005044 0.003678093048188868 0.024500112451346298 4.233163257946966e-05 5.885421541333999e-06 0.7451236055014252
0.0021040742723481523 2618527.034510673 3235.4884682945235 2.2886413659258786 1142.9964976468746 0.00367271476181074 0.018174038510623432 0.2042742345151311 0.0005366057718585844 0.003676451240459092 0.02449415764246266 4.2310106762405557e-05 5.8819494849511976e-06 0.7451236055014252
0.0022727576043464373 2617065.8599322047 3235.310068374956 2.2875234270552705 1143.5550931124228 0.003671752607218977 0.01816967308047782 0.20428918173703994 0.0005363294430480326 0.0036744467661539416 0.02448684946745198 4.2283686632287996e-05 5.87771056997495e-06 0.7451236055014252
0.0024415142608637786 2615908.445007095 3235.167172456957 2.2866386227678577 1143.9975864907835 0.003670999163193522 0.018166275536949963 0.20430090351867475 0.0005361133065518148 0.003672875232507261 0.024481090488188296 4.226286527619554e-05 5.87438725113851e-06 0.7451236055014252
0.002610329375995525 2614985.0985368383 3235.0521173584684 2.285933245365834 1144.3505933194458 0.0036704039163230956 0.018163605384663092 0.2043101754298055 0.0005359427225749474 0.003671632438221647 0.024476516522009006 4.224632590979395e-05 5.8717590858404235e-06 0.7451236055014252
0.002779191382559515 2614243.8608751525 3234.9590222002853 2.2853673286485 1144.6339644533255 0.0036699301173610363 0.018161489800007678 0.20431756342634538 0.0005358070673411723 0.0036706423932047288 0.024472858930878232 4.2233098062355206e-05 5.869665392321974e-06 0.7451236055014252
0.0029480911446068286 2613644.9415123016 3234.8833210553644 2.284910292428896 1144.8629183784215 0.0036695499476804144 0.018159798753431117 0.20432349663982097 0.0005356983010409013 0.003669847448213646 0.02446991298168988 4.222244246012764e-05 5.867984255850702e-06 0.7451236055014252
0.0032127913157112067 2612921.725835408 3234.79140462942 2.2843586375467386 1145.1393938879773 0.0036690936369133185 0.018157775794324038 0.2043306235894754 0.0005355678374590636 0.0036688927274826193 0.024466365338530385 4.220960917744893e-05 5.865965230633147e-06 0.7451236055014252
0.0034775460848661555 2612393.202939482 3234.723921043414 2.283955631600528 1145.3414547242703 0.003668761850723828 0.018156309093286173 0.20433580901350024 0.0005354730290909245 0.00366819818570484 0.024463778578568865 4.2200251275926453e-05 5.864496442102481e-06 0.7451236055014252
0.003742341069688643 2612005.9083673316 3234.6742867647176 2.283660398069434 1145.489525427897 0.003668519721124224 0.018155241191338985 0.20433959518208406 0.0005354038716497777 0.003667691121160215 0.02446188658099446 4.219340613259502e-05 5.863424108598129e-06 0.7451236055014252
0.004007165742453964 2611721.642933437 3234.637729378525 2.283443763006547 1145.5982004035623 0.0036683427103140075 0.018154462221912932 0.20434236446445178 0.0005353533367866225 0.0036673202924191713 0.024460500442245837 4.218839058894438e-05 5.86263987360684e-06 0.7451236055014252
0.004272012260438011 2611512.011095105 3234.6106931633185 2.2832840417475535 1145.6783377774163 0.003668212606110223 0.018153890733536137 0.20434440075273347 0.0005353162070685392 0.003667047644218672 0.02445947979452105 4.218469714579366e-05 5.862063259012345e-06 0.7451236055014252
0.004688458550951456 2611284.8204514096 3234.58133402162 2.283110969316315 1145.765186528091 0.0036680719249062932 0.018153273572532654 0.20434660320944018 0.00053527606939656 0.003666752769049273 0.02445837481538335 4.218069825251525e-05 5.8614396320768844e-06 0.7451236055014252
0.005104929894916016 2611140.522852821 3234.5626736428094 2.28300104957561 1145.8203517292789 0.00366798263648014 0.018152882042857678 0.20434800121900437 0.0005352505966658425 0.0036665656005372264 0.024457673200062237 4.2178159185716124e-05 5.861043799674175e-06 0.7451236055014252
0.005521417395473909 2611049.6844089055 3234.550924180993 2.2829318533327623 1145.8550818344295 0.0036679264356092693 0.01815263563126432 0.20434888119441197 0.0005352345635226923 0.0036664477871061235 0.024457231531140954 4.217656089127562e-05 5.860794646286413e-06 0.7451236055014252
0.005937915275463819 2610993.4427756406 3234.5436425231214 2.282889014633341 1145.8765839491255 0.00366789167986491 0.018152483345608858 0.20434942546808257 0.0005352246496865648 0.003666374921325499 0.02445695822165678 4.217557181938983e-05 5.860640548287411e-06 0.7451236055014252
0.006354419623894697 2610958.74347007 3234.5391428570665 2.2828625880648907 1145.889848692321 0.003667870278530864 0.018152389672760498 0.20434976069060667 0.0005352185464676567 0.003666330045665584 0.02445678975681853 4.217496210204316e-05 5.8605456410330655e-06 0.7451236055014252
0.007027409847935554 2610926.9670794536 3234.5350140072906 2.282838391700494 1145.9019942600662 0.0036678507284168215 0.018152304213276668 0.20435006700296784 0.0005352129727858925 0.0036662890439743733 0.024456635673918283 4.217440433154671e-05 5.860458921459199e-06 0.7451236055014252
0.007700404931023005 2610910.7034010817 3234.532899758135 2.2828260081164093 1145.9082104034114 0.0036678407280994604 0.018152260510892516 0.20435022369770786 0.0005352101219258298 0.003666268070051707 0.024456556836430964 4.2174118924351655e-05 5.860414560212157e-06 0.7451236055014252
0.008373402713300917 2610902.914493397 3234.5318896502517 2.282820076189871 1145.911188055218 0.0036678359241852604 0.018152239484714044 0.20435029894481904 0.0005352087519473796 0.003666257996852191 0.02445651902075614 4.217398206222161e-05 5.8603932566046756e-06 0.7451236055014252
0.009046402010318248 2610900.0219548396 3234.5315160230707 2.282817872507853 1145.9122942424042 0.0036678341311963654 0.0181522316166684 0.20435032701374853 0.000535208240324393 0.0036662542385599113 0.024456504941658585 4.217393112712835e-05 5.860385309582841e-06 0.7451236055014252
0.009719401953595481 2610899.3433678257 3234.5314287102237 2.2828173553528925 1145.9125538401447 0.003667833708503774 0.01815222975730453 0.2043503336274221 0.0005352081196460475 0.0036662533528903974 0.02445650163023588 4.217391915309779e-05 5.860383437075634e-06 0.7451236055014252
0.011308286996284294 2610899.9858141146 3234.531512732428 2.2828178442708698 1145.9123084165997 0.003667834100488986 0.018152231463398064 0.2043503274799683 0.0005352082312947834 0.0036662541755275446 0.024456504732347423 4.217393039043903e-05 5.860385177355521e-06 0.7451236055014252
